0 64
0 0 B
0 1 B
0 2 B
0 3 B
0 4 B
0 5 B
0 6 B
0 7 B
1 0 B
1 1 B
1 2 B
1 3 B
1 4 B
1 5 B
1 6 B
1 7 B
2 0 B
2 1 B
2 2 B
2 3 B
2 4 B
2 5 B
2 6 B
2 7 B
3 0 B
3 1 B
3 2 B
3 3 B
3 4 B
3 5 B
3 6 B
3 7 B
4 0 S
4 1 S
4 2 S
4 3 S
4 4 S
4 5 S
4 6 S
4 7 S
5 0 S
5 1 S
5 2 S
5 3 S
5 4 S
5 5 S
5 6 S
5 7 S
6 0 S
6 1 S
6 2 S
6 3 S
6 4 S
6 5 S
6 6 S
6 7 S
7 0 S
7 1 S
7 2 S
7 3 S
7 4 S
7 5 S
7 6 S
7 7 S
n
4 0
2
3 0
n
4 1
2
3 1
n
4 2
2
3 2
n
4 3
2
3 3
n
4 4
2
3 4
n
4 5
2
3 5
n
4 6
2
3 6
n
4 7
2
3 7
y
n
5 0
1
4 0
n
5 1
1
4 1
n
5 2
1
4 2
n
5 3
1
4 3
n
5 4
1
4 4
n
5 5
1
4 5
n
5 6
1
4 6
n
5 7
1
4 7
n
6 0
1
5 0
n
6 1
1
5 1
n
6 2
1
5 2
n
6 3
1
5 3
n
6 4
1
5 4
n
6 5
1
5 5
n
6 6
1
5 6
n
6 7
1
5 7
n
7 0
1
6 0
n
7 1
1
6 1
n
7 2
1
6 2
n
7 3
1
6 3
n
7 4
1
6 4
n
7 5
1
6 5
n
7 6
1
6 6
n
7 7
1
6 7
n
4 0
1
3 0
n
4 1
1
3 1
n
4 2
1
3 2
n
4 3
1
3 3
n
4 4
1
3 4
n
4 5
1
3 5
n
4 6
1
3 6
n
4 7
1
3 7
y
n
5 0
1
4 0
n
5 1
1
4 1
n
5 2
1
4 2
n
5 3
1
4 3
n
5 4
1
4 4
n
5 5
1
4 5
n
5 6
1
4 6
n
5 7
1
4 7
n
6 0
1
5 0
n
6 1
1
5 1
n
6 2
1
5 2
n
6 3
1
5 3
n
6 4
1
5 4
n
6 5
1
5 5
n
6 6
1
5 6
n
6 7
1
5 7
n
4 0
1
3 0
n
4 1
1
3 1
n
4 2
1
3 2
n
4 3
1
3 3
n
4 4
1
3 4
n
4 5
1
3 5
n
4 6
1
3 6
n
4 7
1
3 7
y
n
5 0
1
4 0
n
5 1
1
4 1
n
5 2
1
4 2
n
5 3
1
4 3
n
5 4
1
4 4
n
5 5
1
4 5
n
5 6
1
4 6
n
5 7
1
4 7
n
4 0
1
3 0
n
4 1
1
3 1
n
4 2
1
3 2
n
4 3
1
3 3
n
4 4
1
3 4
n
4 5
1
3 5
n
4 6
1
3 6
n
4 7
1
3 7
