0 64
0 0 B
0 1 B
0 2 B
0 3 B
0 4 B
0 5 B
0 6 B
0 7 B
1 0 B
1 1 B
1 2 B
1 3 B
1 4 B
1 5 B
1 6 B
1 7 B
2 0 B
2 1 B
2 2 B
2 3 B
2 4 B
2 5 B
2 6 B
2 7 B
3 0 S
3 1 S
3 2 S
3 3 S
3 4 S
3 5 S
3 6 S
3 7 S
4 0 F
4 1 F
4 2 F
4 3 F
4 4 F
4 5 F
4 6 F
4 7 F
5 0 S
5 1 S
5 2 S
5 3 S
5 4 S
5 5 S
5 6 S
5 7 S
6 0 B
6 1 B
6 2 B
6 3 B
6 4 B
6 5 B
6 6 B
6 7 B
7 0 H
7 1 H
7 2 H
7 3 H
7 4 H
7 5 H
7 6 H
7 7 H
n
4 0
2
2 0
n
4 1
2
2 1
n
4 2
2
2 2
n
4 3
2
2 3
n
4 4
2
2 4
n
4 5
2
2 5
n
4 6
2
2 6
n
4 7
2
2 7
n
3 0
1
2 0
n
2 0
1
1 0
n
3 1
1
2 1
n
2 1
1
1 1
n
3 2
1
2 2
n
2 2
1
1 2
n
3 3
1
2 3
n
2 3
1
1 3
n
3 4
1
2 4
n
2 4
1
1 4
n
3 5
1
2 5
n
2 5
1
1 5
n
3 6
1
2 6
n
2 6
1
1 6
n
3 7
1
2 7
n
2 7
1
1 7
n
5 0
2
6 0
n
5 1
2
6 1
n
5 2
2
6 2
n
5 3
2
6 3
n
5 4
2
6 4
n
5 5
2
6 5
n
5 6
2
6 6
n
5 7
2
6 7
n
4 0
1
3 0
n
4 1
1
3 1
n
4 2
1
3 2
n
4 3
1
3 3
n
4 4
1
3 4
n
4 5
1
3 5
n
4 6
1
3 6
n
4 7
1
3 7
y
n
3 0
2
5 0
n
3 1
2
5 1
n
3 2
2
5 2
n
3 3
2
5 3
n
3 4
2
5 4
n
3 5
2
5 5
n
3 6
2
5 6
n
3 7
2
5 7
n
3 0
1
7 0
n
3 1
1
7 1
n
3 2
1
7 2
n
3 3
1
7 3
n
3 4
1
7 4
n
3 5
1
7 5
n
3 6
1
7 6
n
3 7
1
7 7
n
7 0
1
5 0
n
7 1
1
5 1
n
7 2
1
5 2
n
7 3
1
5 3
n
7 4
1
5 4
n
7 5
1
5 5
n
7 6
1
5 6
n
7 7
1
5 7
n
5 0
1
3 0
n
5 1
1
3 1
n
5 2
1
3 2
n
5 3
1
3 3
n
5 4
1
3 4
n
5 5
1
3 5
n
5 6
1
3 6
n
5 7
1
3 7
